controller.kd: 0.13285273185867807
controller.kp: 83.75041752553025
