actuator.time_constant: 0.005584085161915015
actuator.torque_rate_limit: 36352.40578119212
