controller.kd: 1.0171375311632513
controller.kp: 28.19388024229364
